#VET INFO:

#Vertex INFO:
   V[ 0]   V[ 1]   V[ 2]   V[ 3]
       3       3       3       3
       0       3       4       2
       1       0       1       4
       2       5       3       5
       -       -       -       -
       -       -       -       -
       -       -       -       -

#Edge INFO:
       0       0       1       0       1       2
       2       1       2       3       3       3
       0       0       0       1       2       1
       1       2       3       2       3       3

Triangle Info: 
       1       2       3       1
       2       3       1       3
       0       0       0       2
       3       4       5       5
       1       2       0       4
       0       1       2       3
       3       3       3       2
       1       2       0       1
       2       0       1       0
