#VET INFO:

#Vertex INFO:
   V[ 0]   V[ 1]   V[ 2]   V[ 3]   V[ 4]   V[ 5]
       4       4       4       4       4       4
       0       4       3       8       9       2
       1       7       1       4       5      10
       2       6       7       9       0       6
       3       5       8       0       1      11
       -       -       -       -       -       -
       -       -       -       -       -       -

#Edge INFO:
       0       1       2       0       4       6       5       4       4       7       6       3
       1       2       3       3       7       7       6       5       0       1       2       5
       0       0       0       0       1       1       1       1       2       3       4       5
       3       4       5       2       3       4       5       2       3       4       5       2

#Triangle Info: 
       2       3       4       5       3       2       5       4
       3       4       5       2       2       5       4       3
       0       0       0       0       1       1       1       1
       8       9      10      11       8      11      10       9
       0       1       2       3       7       6       5       4
       3       0       1       2       4       7       6       5
       4       7       6       5       0       3       2       1
       1       2       3       0       5       6       7       4
       3       0       1       2       7       4       5       6
