#VET INFO:

#Vertex INFO:
   V[ 0]   V[ 1]   V[ 2]   V[ 3]   V[ 4]   V[ 5]   V[ 6]   V[ 7]   V[ 8]   V[ 9]
       3       3       3       3       6       6       6       6       6       6
       0       3       4       6       6       7       8       9      10      11
       1       4       5       8      12      20      21      16      17      18
       2       5       7       9      20      16      17      12      13      14
       -       -       -       -       0       1       2       3       4       5
       -       -       -       -      18      21      22      23      19      15
       -       -       -       -      22      13      14      15      23      19

#Edge INFO:
      10      13      14      15      11       7      14       5       6       7      15      11       0       1       2       3       0       1       2       3       0       1       2       3
       4      12      13       8       9      10      12       8       9       4       5       6       4       5       6       7       8       9      10      11      12      13      14      15
       0       0       0       1       2       1       4       5       6       7       8       9       4       5       6       7       7       8       9       9       5       6       4       8
       4       5       6       7       8       9       1       2       3       2       3       3       7       8       9       9       5       6       4       8       4       5       6       7

#Triangle Info: 
       7       8       9       9       7       8       9       9       5       6       4       8       4       5       6       7
       5       6       4       8       4       5       6       7       7       8       9       9       5       6       4       8
       4       5       6       7       1       2       3       1       2       3       1       3       0       0       0       2
      16      17      18      19      12      13      14      15      16      17      18      19      20      21      22      23
      20      21      22      23       6       7       8       9       9      10      11      11       7       8       6      10
      12      13      14      15       3       4       5       5       1       2       0       4       0       1       2       3
       8       9      10      11       0       1       2       3       0       1       2       3       0       1       2       3
      12      13      14      15      10       8       9       4      15      11       7       6      13      14      12       5
       4       5       6       7       7      15      11      10       5       6       4       9      14      12      13       8
